1 2 1 6 25 1 1 41 0 1 25 3 3 1 1 1 1 1 
1 2 2 1 1 7 3 59 0 18 27 25 25 9 2 2 2 3 
2 2 3 1 1 7 2 11 5 13 64 25 0 6 1 1 2 1 
1 1 4 1 1 7 2 44 1 16 8 25 40 7 2 2 2 1 
1 1 5 1 1 7 1 51 0 8 19 15 25 5 4 2 2 1 
1 1 6 2 1 2 3 31 6 16 41 41 25 9 4 1 2 3 
1 1 7 3 1 2 4 70 1 21 41 41 0 7 4 2 2 1 
1 1 8 1 1 7 5 73 0 12 42 49 25 8 1 1 2 3 
1 2 9 2 1 4 13 68 2 28 39 42 38 8 4 2 2 1 
1 2 10 3 3 4 12 33 3 18 43 19 48 8 4 2 2 1 
2 2 5 1 1 7 9 47 2 17 25 40 99 9 4 1 2 3 
2 1 7 2 1 4 7 62 0 11 15 28 19 7 4 2 2 2 
1 2 5 1 3 7 7 60 0 15 42 25 25 8 3 2 2 2 
1 1 9 1 6 7 10 55 1 31 42 41 42 8 4 1 2 1 
2 2 7 3 1 2 1 49 5 2 51 99 62 8 4 1 2 3 
2 1 7 1 3 7 12 75 5 13 99 50 99 9 2 2 2 1 
2 1 6 1 1 7 4 45 4 17 41 41 41 8 4 2 2 2 
1 2 6 1 1 7 3 29 0 11 68 17 25 3 1 1 2 1 
2 1 8 1 1 7 5 35 5 23 40 42 41 9 4 1 2 3 
3 1 8 3 6 2 6 42 2 23 73 42 71 8 4 2 2 1 
3 2 6 2 1 4 2 66 1 19 41 42 42 7 3 2 2 1 
3 1 7 2 1 4 2 36 2 11 57 45 42 6 4 2 2 1 
2 2 8 2 1 4 2 47 0 12 41 40 58 8 1 1 1 1 
1 2 9 2 6 1 11 42 2 19 0 71 0 8 1 1 1 3 
2 2 8 3 1 2 3 19 4 18 18 49 42 6 4 2 2 1 
0 2 6 1 1 7 1 33 0 7 78 40 25 3 1 1 2 1 
1 1 9 1 3 7 6 64 3 18 42 42 41 7 1 2 2 1 
1 2 6 1 1 1 2 25 2 11 99 58 25 3 4 1 2 3 
1 1 3 2 1 2 10 53 0 20 27 25 26 6 3 2 2 3 
1 2 9 1 2 7 5 52 0 14 42 41 41 8 1 2 2 3 
2 2 7 1 1 7 6 87 0 18 58 49 25 9 4 2 2 1 
2 1 8 1 5 7 1 53 0 10 46 25 27 8 3 2 2 3 
1 2 8 1 1 7 6 27 0 16 99 99 25 8 4 1 2 3 
1 1 7 2 6 2 5 37 0 18 47 99 48 8 4 1 2 3 
1 2 8 2 11 2 5 46 2 20 42 58 41 9 3 2 2 1 
1 2 7 1 1 7 2 41 0 11 41 25 40 6 3 2 2 3 
1 2 8 3 1 2 3 33 1 8 17 13 25 5 4 1 2 1 
1 2 7 1 1 7 4 33 0 12 48 24 25 3 4 2 2 3 
1 1 8 1 6 7 7 47 2 22 99 41 41 8 4 2 2 1 
1 1 6 2 1 2 1 44 1 15 99 40 25 9 4 1 2 3 
1 2 8 1 2 7 1 28 0 15 41 41 25 4 3 2 2 3 
1 1 5 2 1 2 7 36 2 9 51 57 58 5 4 1 2 3 
1 2 8 2 1 1 13 48 2 18 0 27 78 8 4 2 2 3 
1 1 6 1 1 7 3 59 0 11 42 49 27 6 4 2 2 3 
1 2 9 1 11 7 7 72 1 27 43 99 42 9 4 1 2 1 
1 2 5 3 1 2 2 10 3 8 62 25 99 5 4 1 2 1 
1 2 8 3 5 4 9 25 3 16 42 42 25 7 3 2 2 2 
1 1 8 3 3 4 9 2 0 12 29 59 25 3 4 2 2 1 
1 1 6 3 1 2 6 65 5 19 41 42 42 9 2 2 2 1 
1 1 7 2 6 4 11 67 2 25 42 49 42 9 4 2 2 1 
2 1 6 2 1 2 4 40 1 14 19 19 19 9 1 1 1 2 
1 1 8 3 1 2 5 44 5 13 99 55 56 9 4 1 2 3 
2 2 5 1 6 7 8 55 2 17 25 70 68 9 4 1 2 3 
2 2 6 1 1 7 1 53 0 11 78 42 27 9 3 2 2 3 
3 2 7 3 1 2 4 54 4 4 61 99 61 9 3 2 2 1 
1 2 7 2 1 2 6 58 3 14 18 28 25 9 3 2 2 1 
2 2 6 3 6 2 9 37 2 19 25 44 40 4 4 1 2 3 
1 1 5 2 1 2 1 36 1 9 84 49 30 6 3 2 2 1 
2 2 9 2 6 4 7 58 1 21 42 24 42 9 3 2 2 1 
1 1 8 3 6 4 7 2 1 8 80 70 25 5 3 2 2 3 
2 2 8 1 1 7 4 48 2 15 25 0 40 9 4 1 2 3 
1 1 6 1 2 7 4 45 0 16 41 41 42 8 3 2 2 3 
2 2 5 1 3 7 3 64 0 15 42 25 70 9 2 2 2 3 
1 1 9 1 3 7 4 57 0 17 72 35 49 9 4 2 2 1 
2 2 6 1 11 7 4 58 1 16 40 0 59 9 3 2 2 1 
3 2 10 2 3 2 8 43 3 18 25 44 71 9 4 1 2 3 
1 1 2 1 5 7 1 51 0 4 25 3 3 1 2 2 2 1 
1 2 9 2 1 4 2 25 1 10 41 42 41 7 4 1 2 1 
1 2 6 2 1 4 2 32 3 11 41 42 42 9 4 1 2 2 
1 2 6 2 1 2 6 55 2 7 78 51 51 8 4 1 2 3 
1 2 8 1 6 7 7 75 2 22 70 42 40 7 1 1 1 2 
1 1 6 1 1 7 12 83 2 32 18 40 0 9 2 2 2 3 
1 1 7 2 1 4 4 31 0 14 44 25 58 7 4 1 2 3 
1 2 8 3 1 1 14 28 3 28 15 19 55 8 3 2 2 1 
1 2 8 1 3 7 5 34 0 17 41 41 27 7 2 2 2 3 
1 2 8 1 1 7 4 51 0 9 41 41 25 4 1 1 2 3 
2 1 7 1 1 7 1 58 1 12 78 39 41 6 1 1 2 3 
1 2 7 3 3 1 3 57 1 21 71 25 40 6 2 2 2 2 
1 2 6 2 11 4 2 35 1 10 99 42 40 8 2 2 2 1 
1 2 6 2 1 4 3 41 4 20 41 41 25 7 4 1 2 3 
1 1 8 3 1 2 3 29 1 7 42 42 25 9 4 2 2 1 
2 1 6 1 6 7 3 52 0 13 19 19 19 9 1 1 1 1 
1 2 6 1 7 7 5 58 0 16 99 25 42 7 2 2 2 3 
1 1 7 1 1 7 1 59 0 10 56 41 79 7 3 2 2 1 
0 1 7 2 1 4 5 64 4 14 41 42 58 9 3 2 2 3 
1 1 5 1 1 7 3 39 0 13 41 41 42 7 1 1 2 3 
1 2 5 3 1 2 4 69 5 25 41 25 41 6 3 2 2 3 
3 1 7 2 3 2 3 10 1 19 81 49 25 7 1 1 2 1 
2 1 7 2 1 4 7 69 5 16 42 42 25 8 3 2 2 3 
1 1 5 3 1 2 4 38 1 17 25 44 0 9 1 1 1 3 
1 2 8 1 2 7 5 36 0 14 41 42 25 5 4 2 2 3 
1 1 8 2 6 2 8 47 3 21 39 27 42 9 4 2 2 3 
2 1 5 2 1 2 4 27 0 12 99 25 40 5 4 1 2 3 
2 2 6 2 1 2 1 34 1 6 99 57 40 4 4 1 2 3 
2 2 7 1 6 7 6 65 3 18 40 53 53 9 4 1 2 3 
1 1 8 2 1 2 1 19 2 8 99 41 41 9 4 1 2 3 
1 2 8 1 3 7 5 64 0 21 38 42 42 8 4 1 2 3 
1 1 8 1 1 7 3 55 4 23 41 41 51 9 3 2 2 1 
0 2 6 1 1 7 2 53 0 6 59 25 40 3 2 2 2 1 
3 1 4 2 6 4 6 72 2 16 55 28 25 5 4 2 2 3 
1 1 8 1 11 7 9 56 2 30 41 49 27 9 4 1 2 1 
1 2 7 2 11 2 7 73 0 23 48 51 25 9 4 1 2 1 
1 2 4 2 1 4 3 22 1 17 78 41 41 8 1 1 2 1 
1 1 7 1 2 7 1 59 0 12 41 40 49 7 4 1 2 1 
2 2 8 1 1 7 3 31 2 11 57 53 56 9 3 2 2 1 
1 1 9 1 6 7 2 34 0 9 70 78 25 7 1 1 1 3 
0 2 6 1 1 7 9 96 3 20 25 51 48 9 2 2 2 1 
1 2 9 1 1 7 3 34 0 11 42 42 41 8 1 1 1 3 
1 1 7 2 1 2 1 35 1 26 43 41 0 5 4 1 2 1 
1 2 6 3 1 2 1 46 1 19 41 41 41 8 4 1 2 3 
2 1 6 1 1 7 5 72 5 22 25 40 59 9 3 2 2 3 
3 1 7 3 1 2 4 39 2 21 0 15 49 6 4 2 2 3 
1 1 5 1 1 1 3 33 1 13 56 56 25 3 1 1 2 1 
1 1 8 3 1 2 3 39 2 13 18 41 0 7 4 1 2 1 
1 1 8 1 3 7 14 78 1 19 43 25 25 8 2 2 2 2 
1 2 4 1 1 7 2 48 0 11 53 40 25 5 4 1 2 1 
1 1 7 1 2 7 4 65 2 19 42 41 51 7 4 1 2 2 
1 2 8 6 25 1 10 56 2 24 44 41 25 9 3 2 2 3 
1 1 7 6 25 7 9 61 4 25 41 42 41 9 3 2 2 1 
2 1 7 2 11 4 2 70 0 17 43 50 78 6 2 2 2 1 
1 2 8 2 1 4 5 58 6 25 41 42 49 8 3 2 2 1 
1 1 5 6 25 7 11 68 0 25 42 86 25 9 1 2 2 3 
2 2 5 6 25 7 6 47 2 13 57 28 40 8 1 1 1 1 
1 2 8 6 25 7 11 88 1 16 25 27 58 9 3 2 2 3 
0 1 6 6 25 7 8 42 2 22 25 40 42 9 1 1 1 1 
2 2 4 6 25 7 8 62 0 21 25 40 27 9 4 2 2 3 
1 2 9 6 25 7 8 58 0 9 25 48 49 9 4 1 2 1 
3 1 4 2 1 4 3 44 1 10 25 41 8 9 4 1 2 1 
2 2 3 2 1 7 1 56 0 4 25 0 72 3 3 2 2 3 
2 2 7 6 25 1 9 60 5 17 99 8 73 8 1 1 1 1 
1 2 6 2 6 4 6 66 0 15 59 27 78 9 4 1 2 3 
1 2 7 6 25 7 7 34 1 19 55 25 13 4 4 2 2 1 
1 2 7 6 25 7 7 72 0 22 59 78 25 9 2 2 2 3 
1 1 8 6 1 1 6 55 1 13 57 25 27 3 1 2 2 1 
2 2 10 6 25 7 7 35 2 11 25 44 70 4 1 1 1 1 
2 2 8 6 1 7 13 75 0 16 49 25 99 5 1 1 2 3 
0 2 7 6 25 7 10 60 0 15 40 25 42 9 2 2 2 2 
1 1 7 6 25 1 4 47 0 15 48 25 42 8 3 2 2 1 
1 2 6 6 25 7 8 69 5 33 41 41 25 9 4 2 2 3 
1 1 9 6 25 7 3 65 0 5 58 27 42 8 4 1 2 1 
2 1 4 6 25 7 3 44 1 4 68 25 41 3 3 2 2 1 
1 2 7 6 25 4 7 43 5 20 41 25 49 6 3 2 2 1 
1 2 9 6 1 7 9 42 0 9 68 42 25 5 4 1 2 3 
1 1 3 2 1 2 2 35 0 12 27 25 75 3 4 1 2 3 
1 2 10 6 3 7 11 70 1 23 56 99 27 5 1 1 1 1 
1 2 6 6 25 7 3 57 0 12 24 25 40 4 4 2 2 3 
2 2 6 6 25 1 1 50 0 8 25 40 27 8 4 1 2 3 
1 2 6 6 25 1 1 1 6 8 41 34 40 5 1 1 2 1 
1 2 6 6 25 7 3 18 3 27 57 25 49 6 4 1 2 1 
1 1 8 6 25 7 8 61 2 39 57 57 42 9 2 2 2 3 
1 1 7 6 25 1 1 31 2 8 41 49 40 5 1 1 2 1 
1 1 5 6 25 1 14 41 1 18 73 99 25 4 1 2 2 3 
1 2 6 1 1 7 7 55 1 16 25 58 78 7 2 2 2 3 
1 1 8 6 1 7 7 82 2 21 42 22 52 5 1 1 1 1 
1 1 6 6 25 7 1 37 1 14 99 40 26 8 1 1 1 1 
1 1 7 6 25 1 10 46 6 23 41 27 27 9 4 2 2 3 
1 2 7 6 25 1 5 47 3 24 25 40 27 7 4 1 2 3 
2 1 6 6 25 7 3 34 3 11 78 53 40 9 1 1 1 3 
1 1 7 2 1 2 2 34 2 24 18 49 40 6 4 2 2 3 
1 2 9 6 25 1 5 54 1 15 82 25 0 8 4 1 2 1 
1 1 9 1 1 7 1 37 0 13 25 78 40 6 4 1 2 2 
0 1 6 6 25 1 6 48 2 22 41 51 51 8 1 1 1 1 
1 1 9 6 3 7 5 47 1 6 33 29 42 5 1 1 1 2 
1 1 6 6 25 7 2 34 2 8 56 28 25 5 1 1 2 1 
1 2 9 2 6 4 6 49 2 17 42 42 59 7 3 2 2 1 
1 2 5 6 25 7 5 46 1 9 29 49 30 8 1 1 2 3 
1 2 9 6 25 7 7 70 0 13 27 25 42 9 3 2 2 3 
1 2 4 1 1 7 2 18 0 15 29 42 25 3 3 2 2 2 
1 2 6 6 25 1 6 38 2 14 56 56 56 9 1 1 1 1 
1 2 6 6 25 1 4 34 3 12 25 78 71 5 4 2 2 1 
1 2 7 6 1 1 3 52 1 7 57 25 42 5 2 2 2 3 
1 2 7 6 25 1 7 42 3 10 51 51 8 9 1 1 1 1 
1 1 8 3 2 4 6 31 2 19 42 42 0 6 4 2 2 2 
1 2 6 6 25 7 1 58 0 5 40 30 49 6 1 1 1 3 
1 1 8 6 25 1 5 39 2 6 26 27 33 9 1 1 1 3 
1 2 8 1 3 7 11 44 0 19 27 8 49 8 2 2 2 3 
1 1 9 6 25 7 6 67 0 9 42 42 42 9 1 1 1 3 
3 1 5 6 25 1 8 61 5 32 41 0 25 3 4 2 2 1 
1 1 8 6 25 7 7 45 0 8 43 42 25 6 4 2 2 1 
1 1 5 2 1 2 1 29 2 15 41 41 41 8 4 2 2 1 
2 1 5 6 25 1 13 58 0 3 29 30 79 6 1 1 1 1 
1 1 8 1 1 7 4 52 0 9 48 27 40 4 1 2 2 3 
2 1 6 6 25 7 4 45 0 7 29 25 29 4 4 1 2 1 
3 1 6 6 25 7 1 33 0 1 78 72 25 5 1 1 1 1 
1 1 7 3 1 2 3 47 1 14 40 25 42 9 4 1 2 1 
2 1 8 6 25 7 12 44 3 19 99 58 27 9 1 1 1 1 
1 2 9 6 25 7 2 48 0 10 25 70 25 6 1 1 1 3 
2 1 5 6 25 4 3 54 0 5 43 78 43 5 1 1 1 3 
1 1 5 6 25 4 2 46 3 16 51 42 49 8 3 2 2 1 
1 2 8 6 25 7 5 45 0 6 29 25 78 4 1 1 1 1 
1 1 8 6 25 7 3 61 0 8 42 40 25 3 1 1 2 1 
2 1 3 6 25 7 5 70 0 8 70 27 25 3 4 1 2 1 
1 2 5 6 1 7 2 53 0 4 25 40 3 2 1 1 1 3 
2 1 7 6 25 1 3 31 1 11 72 25 0 3 1 2 2 1 
1 2 3 6 25 7 1 66 0 6 49 25 3 2 1 1 2 3 
1 2 7 6 25 1 1 31 2 16 72 25 36 6 3 2 2 3 
1 2 7 6 25 7 4 57 1 17 56 40 25 8 3 2 2 1 
2 2 5 6 25 1 6 60 5 27 18 28 25 8 2 2 2 2 
1 2 4 6 25 1 4 65 3 25 64 64 65 9 1 1 1 1 
1 1 3 2 6 2 10 46 0 30 99 56 0 8 1 1 1 3 
0 1 7 6 25 7 1 44 0 8 78 49 25 9 1 1 1 1 
1 2 8 6 1 7 3 51 1 8 49 40 25 3 1 1 1 1 
1 2 8 6 25 1 4 46 5 12 41 41 40 7 1 1 2 3 
1 2 7 6 25 1 4 45 0 9 49 25 24 5 1 1 2 3 
2 1 2 6 25 1 10 1 0 3 25 0 0 4 4 1 2 1 
2 1 7 6 25 7 4 48 0 11 48 27 40 9 4 1 2 1 
2 1 5 6 25 7 2 52 0 12 78 42 25 7 1 1 2 3 
3 2 9 6 25 1 3 33 4 19 62 61 61 9 3 2 2 1 
1 2 6 6 25 1 3 66 0 7 57 70 59 5 1 1 1 1 
1 1 6 6 25 1 12 51 3 27 99 42 41 9 3 2 2 3 
1 1 7 3 1 2 4 49 1 33 73 42 73 9 4 2 2 3 
2 2 6 2 5 2 1 9 3 20 59 40 42 6 4 1 2 3 
2 2 8 3 1 2 2 19 5 16 61 25 62 8 3 2 2 1 
1 1 7 6 25 1 2 63 0 8 42 58 40 9 1 1 1 3 
2 1 8 6 25 1 1 46 5 15 41 25 99 6 4 2 2 3 
2 2 6 2 1 4 2 24 0 14 41 42 25 5 1 1 1 1 
1 2 1 6 25 7 3 34 0 4 25 3 3 1 4 1 2 1 
1 2 8 1 6 7 4 51 0 18 78 41 0 7 2 2 2 1 
1 1 8 2 1 4 2 22 5 20 41 41 0 8 4 2 2 1 
1 1 7 6 25 7 3 36 3 13 41 41 41 6 3 2 2 3 
1 1 6 6 25 7 8 73 2 19 72 25 27 9 2 2 2 2 
1 1 7 6 25 1 6 66 6 26 41 41 25 5 3 2 2 1 
2 2 9 6 25 1 8 35 2 9 68 44 68 9 1 1 1 2 
0 2 8 6 1 1 6 57 0 7 27 27 25 5 1 1 1 2 
1 1 6 6 25 1 1 54 5 4 41 25 25 6 4 1 2 1 
2 2 9 6 25 7 6 47 6 14 25 38 40 9 2 2 2 3 
1 2 7 2 1 2 1 34 0 10 25 40 0 9 2 2 2 1 
0 1 8 6 25 7 3 33 0 8 80 25 81 6 1 2 2 3 
1 2 6 6 25 7 3 53 0 8 25 0 24 3 3 2 2 3 
1 1 8 6 25 7 6 38 5 8 45 57 28 9 1 1 1 1 
1 1 6 6 25 1 1 41 5 10 41 41 44 7 1 2 2 1 
2 2 6 6 25 7 9 73 1 13 42 25 58 9 4 1 2 3 
1 1 2 1 1 7 2 48 1 10 44 27 25 5 4 1 2 2 
1 1 7 6 25 7 3 61 1 25 51 49 42 9 1 1 2 1 
1 1 7 6 25 7 8 36 4 19 25 70 78 7 4 2 2 3 
1 1 9 1 1 7 1 58 0 8 42 42 40 5 1 1 2 2 
1 1 5 6 25 7 4 50 0 12 57 57 25 4 1 1 2 3 
1 2 8 6 25 7 11 69 6 25 41 42 59 9 4 2 2 3 
3 2 8 6 25 1 5 67 0 12 27 15 58 8 1 1 2 3 
1 1 8 6 25 1 6 52 1 16 57 99 25 8 1 1 2 3 
1 1 6 6 1 1 6 64 1 11 25 70 40 6 1 1 1 2 
2 2 5 6 25 7 1 34 0 8 25 49 40 6 4 1 2 1 
2 2 8 6 25 7 5 47 2 20 82 28 42 9 2 2 2 1 
1 2 9 6 25 7 8 58 1 14 59 27 25 9 3 2 2 2 
1 2 6 2 1 2 1 33 5 17 41 25 24 9 3 2 2 1 
1 1 8 6 25 7 5 71 1 15 51 42 25 7 1 1 2 1 
2 2 7 1 1 7 1 48 1 14 78 78 40 7 3 2 2 2 
1 1 8 2 6 4 5 51 1 10 56 25 58 9 2 2 2 2 
1 2 9 6 1 1 14 44 2 12 29 25 40 3 1 2 2 1 
2 2 2 6 25 7 1 36 0 1 25 27 3 2 1 1 2 1 
2 2 7 1 1 7 3 63 1 16 25 78 59 6 2 2 2 1 
1 2 8 3 6 4 11 2 2 12 38 59 25 6 4 1 2 1 
2 2 7 6 25 1 5 35 2 15 42 42 42 9 1 1 2 3 
1 2 8 6 1 1 7 37 2 9 0 15 25 3 2 2 2 1 
2 2 8 6 25 7 5 57 5 13 41 41 42 8 4 2 2 1 
1 1 9 6 25 7 11 57 5 22 56 56 56 8 1 1 1 1 
1 1 6 6 25 1 1 11 4 13 41 40 27 7 4 1 2 1 
1 2 7 6 25 7 5 77 1 17 42 51 99 9 4 1 2 3 
0 1 3 6 25 1 5 65 0 13 57 27 25 4 4 2 2 1 
1 1 7 6 25 7 6 50 0 6 78 58 25 9 2 2 2 1 
2 2 7 6 25 7 3 35 2 3 99 70 25 7 1 1 1 1 
1 2 4 6 25 7 10 68 1 21 68 59 25 6 3 2 2 1 
1 1 6 2 1 4 5 34 5 28 41 41 42 9 4 1 2 1 
2 2 4 6 25 1 2 36 0 2 25 3 3 1 1 1 1 1 
1 1 6 2 1 4 3 37 4 13 41 41 42 8 4 1 2 1 
1 1 9 6 25 7 4 46 0 6 49 27 41 8 1 1 1 1 
1 1 9 6 25 7 10 60 0 13 42 27 8 9 4 1 2 1 
1 1 7 6 25 7 1 36 0 4 78 25 40 4 1 1 2 3 
1 2 8 6 25 7 2 55 0 17 99 25 91 9 4 2 2 1 
1 2 7 6 25 7 10 68 0 19 57 57 58 7 4 1 2 3 
1 2 1 6 25 7 2 45 0 5 25 27 54 4 4 1 2 1 
0 2 6 6 25 1 8 62 2 21 23 57 25 6 4 2 2 1 
1 2 8 6 25 7 1 36 0 5 78 25 27 4 4 1 2 1 
2 2 6 3 1 2 6 69 2 25 19 0 49 5 2 2 2 1 
1 1 6 6 25 7 2 71 0 11 25 40 41 6 4 2 2 3 
1 2 7 6 25 7 1 57 0 3 78 42 25 5 1 1 2 3 
2 2 6 6 25 1 3 54 1 14 42 58 25 9 3 2 2 1 
1 2 2 6 25 7 2 50 0 3 25 27 78 4 4 1 2 1 
1 2 8 6 25 1 4 57 1 19 72 25 42 6 1 1 1 3 
1 2 6 6 25 1 6 59 6 29 41 28 25 3 4 2 2 3 
1 2 8 6 25 7 14 71 3 33 57 49 42 9 2 2 2 3 
1 1 8 6 25 7 4 81 6 24 41 27 41 9 1 1 2 1 
1 1 4 6 25 1 1 10 3 17 72 49 25 5 4 2 2 1 
0 1 2 6 25 7 4 67 0 11 25 46 3 2 3 2 2 1 
1 2 9 6 25 7 1 35 0 12 49 40 41 7 4 1 2 3 
1 1 5 2 6 4 12 76 6 31 41 42 42 9 3 2 2 3 
1 2 4 6 25 7 1 44 1 13 82 25 3 2 1 1 1 1 
1 2 8 6 25 1 8 39 0 12 72 25 72 8 4 2 2 3 
1 1 7 6 25 7 2 48 0 15 49 27 25 3 4 2 2 3 
1 1 4 6 25 7 1 44 0 7 78 25 27 7 3 2 2 3 
1 2 7 6 1 1 8 35 2 8 0 15 25 4 4 1 2 1 
1 1 6 6 1 7 7 66 3 19 55 56 25 4 1 1 1 1 
1 2 8 6 25 7 1 59 3 11 41 42 42 9 4 1 2 1 
1 2 8 6 25 7 5 56 3 19 78 42 42 9 4 1 2 3 
1 2 1 6 25 7 1 54 0 8 25 27 3 2 4 1 2 3 
1 1 8 1 11 7 4 73 0 19 16 51 19 9 1 1 2 1 
1 1 8 1 1 7 2 48 0 8 41 41 49 7 4 1 2 3 
1 2 7 6 25 1 9 59 6 22 72 28 99 8 4 2 2 1 
1 2 5 6 25 1 3 31 4 16 72 27 40 5 1 1 1 1 
1 2 6 6 1 7 2 58 0 9 49 42 25 5 1 1 1 1 
1 2 6 6 1 7 1 59 0 5 40 78 25 5 4 1 2 3 
1 2 8 6 3 7 8 56 1 16 72 73 99 5 1 1 1 2 
2 2 4 6 25 7 9 57 0 13 28 34 25 5 1 2 2 3 
1 1 3 6 25 7 1 56 0 6 25 27 46 6 2 2 2 1 
2 1 3 1 1 7 3 90 0 15 51 25 25 9 2 2 2 2 
1 2 9 6 25 1 1 66 1 14 42 42 48 7 4 1 2 3 
1 2 7 6 25 7 8 72 1 26 57 27 53 9 3 2 2 1 
0 2 7 6 25 7 5 58 1 11 42 51 58 7 4 1 2 1 
0 2 6 2 1 2 1 33 3 11 41 40 25 4 1 1 2 1 
2 1 5 2 1 2 7 58 1 13 99 25 27 4 4 2 2 1 
1 1 9 6 25 7 13 57 1 19 42 27 0 7 1 1 2 1 
2 2 8 6 25 7 3 46 0 13 42 25 78 8 1 2 2 3 
2 2 8 6 25 7 6 40 0 10 42 42 0 6 1 1 1 3 
1 2 9 6 25 1 6 31 1 8 68 88 89 9 1 1 1 1 
2 1 5 6 25 1 2 49 0 7 25 27 40 3 4 1 2 3 
1 2 6 6 25 1 1 31 1 14 72 40 25 3 1 1 2 1 
2 2 7 6 25 1 4 54 2 12 0 99 40 6 1 1 1 1 
1 1 8 6 25 7 5 55 0 13 28 27 33 8 1 2 2 1 
1 2 8 6 25 7 7 70 2 20 48 42 42 9 4 2 2 3 
1 1 8 6 25 1 5 69 2 11 48 20 28 5 1 1 2 3 
1 2 6 6 25 7 5 63 0 4 57 25 49 8 1 1 1 1 
1 1 8 6 25 1 1 34 5 16 41 0 40 8 1 1 2 1 
2 2 6 6 25 7 5 42 2 10 57 57 40 4 1 1 1 3 
1 1 7 6 25 1 12 93 4 31 41 42 59 9 4 1 2 1 
1 2 8 1 1 7 2 44 0 16 99 0 41 8 1 1 2 1 
1 2 7 6 25 7 13 78 6 24 42 25 59 9 4 2 2 1 
1 1 6 2 1 4 1 35 3 7 41 40 27 8 1 1 1 1 
1 2 8 6 25 7 3 34 1 5 25 40 0 5 1 1 1 3 
0 2 8 3 5 4 10 31 4 16 72 42 49 8 3 2 2 2 
2 2 4 1 1 7 4 77 4 29 41 42 45 9 3 2 2 3 
0 1 9 6 25 7 5 50 0 16 25 42 40 8 3 2 2 3 
2 2 4 6 25 1 8 76 2 30 64 64 64 9 4 2 2 1 
1 2 8 6 25 7 2 37 0 13 78 41 40 9 4 1 2 3 
1 1 7 6 25 1 2 3 0 13 78 25 25 9 4 1 2 3 
1 1 7 6 25 7 3 45 0 8 43 78 25 9 4 1 2 2 
1 2 9 6 25 5 2 51 1 8 53 25 59 7 1 1 1 3 
1 1 4 6 25 4 12 10 4 61 46 42 25 9 2 2 2 1 
1 1 7 6 25 7 12 67 1 24 25 44 42 9 4 1 2 1 
1 1 6 6 25 7 8 61 1 20 53 25 25 9 2 2 2 1 
1 1 8 6 25 1 2 48 1 15 72 72 3 3 1 1 2 3 
2 2 5 6 25 1 2 10 0 1 29 25 40 4 1 1 2 1 
1 1 7 6 1 7 1 43 0 9 43 25 41 5 1 1 1 3 
1 1 8 6 25 5 3 43 0 14 73 44 41 7 1 1 1 3 
1 2 7 1 1 7 6 60 1 25 42 40 25 6 4 1 2 2 
1 1 7 6 25 7 3 46 0 7 25 27 40 5 3 2 2 3 
1 2 8 6 25 4 7 1 0 10 29 29 78 9 1 1 2 1 
1 2 10 6 25 1 1 33 0 5 41 41 25 9 1 1 1 3 
1 2 8 6 25 1 5 41 2 15 43 42 40 4 3 2 2 2 
2 2 5 6 25 1 3 34 0 10 99 25 18 4 1 1 1 1 
1 1 7 6 25 7 7 78 5 27 41 41 25 7 1 1 1 1 
1 1 6 6 25 7 2 37 5 14 41 41 40 9 1 1 2 1 
1 2 9 6 25 7 9 39 3 19 56 28 42 9 1 1 1 2 
2 1 6 6 25 1 1 46 5 7 41 40 25 5 1 1 2 3 
1 2 4 6 25 7 1 62 0 8 25 24 3 2 4 1 2 1 
2 2 9 6 25 7 2 63 1 15 59 57 41 9 4 2 2 1 
1 2 8 6 25 1 4 56 2 17 71 99 28 7 1 2 2 1 
1 1 8 6 25 1 3 47 1 11 44 25 59 5 1 1 1 3 
1 1 8 6 25 1 2 13 1 9 0 42 42 9 1 1 1 3 
1 2 8 6 25 1 4 41 5 18 42 42 42 8 2 2 2 3 
1 2 7 6 25 1 1 31 5 6 41 41 40 4 1 1 1 3 
1 1 6 2 1 7 1 45 0 4 78 41 40 6 4 1 2 1 
1 2 7 1 1 7 8 77 4 40 41 49 27 9 1 1 2 3 
1 1 6 6 25 1 1 34 6 11 41 25 27 6 1 1 2 1 
2 2 6 6 25 4 11 34 6 20 25 70 78 7 1 1 1 3 
1 1 7 6 25 1 4 11 2 16 59 40 41 5 1 1 2 1 
1 1 7 6 25 7 7 56 1 15 82 41 99 8 4 1 2 1 
2 2 8 1 6 7 4 46 0 23 78 19 19 9 4 1 2 2 
1 2 3 6 25 1 1 63 0 2 64 25 27 3 4 1 2 3 
2 2 6 1 1 7 2 33 4 8 78 40 41 9 4 1 2 1 
2 2 6 6 25 1 13 70 3 15 78 25 25 9 4 1 2 1 
2 2 2 6 25 1 3 48 1 10 56 25 27 3 4 2 2 1 
1 1 7 6 25 7 2 61 0 12 82 25 49 6 2 2 2 3 
1 2 3 6 25 1 3 31 4 14 64 25 66 7 4 1 2 1 
0 1 3 6 25 7 1 71 0 7 25 55 3 2 4 1 2 3 
1 1 8 6 25 7 2 46 0 5 48 49 25 7 3 2 2 1 
1 1 8 6 25 1 12 80 6 26 25 78 68 9 4 1 2 3 
1 2 8 1 6 7 2 41 0 5 78 78 25 8 4 2 2 3 
1 1 7 6 25 7 8 51 1 31 19 42 49 8 4 1 2 3 
1 1 6 6 25 1 3 58 0 26 42 42 99 9 3 2 2 3 
1 1 5 6 25 1 4 43 2 18 55 40 56 5 1 1 1 3 
2 1 7 6 25 7 8 47 1 9 43 34 25 4 4 1 2 1 
1 1 8 6 1 1 4 66 2 14 57 40 25 3 1 1 1 1 
1 1 5 1 1 7 12 60 0 21 49 42 40 8 4 1 2 1 
1 1 7 6 25 1 1 47 1 13 72 25 20 3 4 1 2 1 
0 2 6 6 25 7 6 46 0 10 57 25 27 6 4 1 2 3 
1 1 7 2 1 4 4 53 6 18 41 41 42 9 4 2 2 1 
1 1 5 1 1 7 3 56 6 18 41 41 0 9 3 2 2 1 
2 1 8 6 25 1 3 72 0 9 38 59 27 9 4 1 2 1 
2 2 4 6 25 7 5 43 2 5 43 57 35 9 1 1 1 3 
2 2 8 6 25 7 7 34 3 7 41 41 40 5 1 1 2 3 
0 2 5 6 1 7 1 59 1 3 43 27 25 5 1 1 1 3 
2 1 7 6 25 7 5 46 0 11 42 42 40 6 4 1 2 3 
2 2 2 6 25 7 6 75 0 12 25 62 0 3 3 2 2 3 
1 2 8 6 25 7 3 77 0 15 42 59 41 9 4 1 2 3 
1 1 6 6 25 7 3 51 0 10 29 30 27 6 1 1 2 3 
1 1 6 6 25 7 9 65 5 28 41 42 42 7 4 1 2 1 
1 2 3 2 11 6 7 62 0 25 27 42 26 7 1 1 1 1 
1 2 9 6 25 7 4 45 1 15 82 25 40 4 4 2 2 2 
1 2 5 6 25 7 2 58 1 13 73 25 25 9 3 2 2 3 
2 1 6 1 1 7 3 80 1 12 42 30 42 9 4 2 2 1 
1 2 6 6 25 7 3 42 4 21 41 45 0 7 1 1 1 1 
1 1 9 6 25 1 2 31 1 17 25 44 41 4 4 1 2 1 
1 2 6 6 25 7 3 85 0 11 27 58 40 9 3 2 2 3 
2 2 4 6 25 1 8 90 1 15 40 71 25 9 4 2 2 1 
1 1 8 3 1 2 2 46 5 22 16 42 49 9 4 2 2 1 
1 1 5 6 25 1 2 45 1 13 42 25 40 4 4 2 2 1 
1 1 8 6 25 4 10 63 3 24 99 41 29 9 1 1 1 1 
3 2 9 3 1 4 2 36 0 7 41 42 25 9 2 2 2 1 
1 2 7 6 25 1 1 44 0 9 40 49 25 6 1 1 2 3 
1 2 5 6 25 1 1 16 0 4 78 0 40 8 1 1 1 1 
2 2 5 1 1 7 2 36 1 9 19 28 19 7 4 1 2 1 
1 1 6 2 1 4 8 76 6 46 41 41 49 9 2 2 2 1 
1 2 9 6 25 7 5 50 2 16 82 28 25 8 1 1 1 1 
1 1 5 6 25 7 3 47 0 12 56 56 40 4 1 1 2 3 
0 1 8 6 1 7 8 60 2 18 49 51 25 5 1 1 1 3 
2 2 5 6 25 1 5 64 2 26 41 41 40 6 4 1 2 1 
1 1 8 6 25 1 1 10 1 11 72 41 27 7 1 1 1 3 
2 2 5 6 25 1 3 52 0 7 29 25 40 3 3 2 2 1 
1 2 8 6 25 7 1 38 0 12 43 40 49 5 1 1 2 2 
1 1 7 6 25 1 6 68 1 20 42 49 41 9 1 1 2 1 
1 2 9 6 25 1 5 58 1 16 42 41 78 9 3 2 2 3 
2 2 7 6 25 1 2 15 0 10 42 41 71 4 4 2 2 3 
1 2 9 6 25 1 3 39 3 12 27 40 99 5 3 2 2 3 
1 1 6 6 25 7 1 51 0 9 42 25 40 5 4 1 2 3 
2 1 9 6 25 7 3 47 0 2 43 72 78 5 1 1 2 2 
2 2 2 1 1 7 1 56 0 13 25 75 47 4 2 2 2 1 
1 2 7 3 3 1 3 57 1 24 71 25 40 5 4 2 2 1 
2 2 9 6 25 7 3 48 1 11 45 25 45 9 1 1 1 3 
1 1 6 6 25 1 1 34 6 12 41 40 25 3 4 1 2 3 
2 2 5 6 25 7 11 78 1 19 38 40 25 7 1 1 1 3 
2 2 9 6 25 1 4 34 0 7 44 68 25 7 1 1 1 3 
2 2 3 6 25 7 2 63 0 5 25 3 3 1 3 2 2 3 
2 1 6 6 25 1 3 70 1 14 25 11 42 7 3 2 2 3 
1 1 7 6 1 1 2 46 0 5 56 25 40 6 1 1 1 3 
1 1 6 6 25 1 3 41 0 9 42 42 42 5 4 1 2 3 
1 1 7 2 1 2 7 32 2 28 71 41 71 9 1 1 1 1 
1 2 9 1 1 7 6 53 0 15 56 27 56 8 4 2 2 2 
1 1 8 3 1 2 7 37 1 28 57 40 25 4 4 1 2 1 
1 2 8 6 25 1 7 12 3 28 72 29 25 7 4 2 2 1 
1 1 8 6 25 1 6 72 3 23 41 40 25 4 1 1 2 3 
1 1 7 1 1 7 2 55 0 12 25 42 0 8 1 2 2 2 
2 1 7 6 25 7 7 71 0 15 42 42 40 6 1 1 2 3 
3 1 7 3 1 2 3 60 1 31 18 99 40 5 3 2 2 1 
1 2 2 6 25 7 1 41 0 8 25 27 3 2 4 1 2 3 
1 1 9 6 3 1 3 56 2 26 44 49 25 5 1 1 1 2 
1 1 7 6 25 7 3 34 6 13 41 25 41 5 3 2 2 3 
1 1 2 6 25 1 13 56 0 14 48 27 25 4 4 1 2 3 
1 2 6 6 25 1 4 55 0 18 25 70 35 9 4 1 2 2 
1 2 8 6 25 7 2 30 0 7 43 43 78 9 3 2 2 1 
2 1 8 2 1 4 3 52 2 14 41 49 78 9 4 1 2 1 
1 2 9 1 11 7 3 78 1 10 43 42 34 6 4 1 2 1 
1 1 6 6 25 1 6 63 1 18 57 99 78 9 3 2 2 1 
1 1 7 6 25 7 7 70 2 9 78 42 49 7 1 1 1 3 
1 2 8 6 25 7 5 35 3 6 41 25 25 9 4 1 2 3 
2 2 8 6 25 1 5 47 5 10 41 40 25 5 4 2 2 1 
1 1 2 6 25 7 3 50 0 5 25 3 3 1 4 2 2 1 
0 2 7 6 1 7 6 48 1 18 43 42 25 5 4 1 2 3 
1 1 8 6 25 1 5 47 1 17 20 51 40 7 1 1 2 1 
1 2 8 6 25 7 9 46 6 23 78 42 53 9 1 1 1 3 
1 1 6 2 1 4 4 69 6 19 41 25 41 8 3 2 2 1 
2 2 8 6 1 7 10 72 1 19 25 27 29 5 2 2 2 3 
2 2 4 6 25 7 2 36 0 10 49 25 40 3 3 2 2 1 
1 1 2 6 25 7 1 48 0 6 25 27 25 7 4 1 2 3 
2 1 6 6 25 7 3 46 5 15 25 99 42 9 3 2 2 1 
1 2 7 6 25 4 9 70 6 33 41 42 28 7 4 2 2 1 
1 1 7 6 25 7 3 61 3 19 28 42 49 9 4 1 2 1 
1 2 6 2 1 4 10 71 6 41 41 41 99 9 2 2 2 1 
2 2 8 6 25 7 3 66 4 16 41 41 25 3 4 2 2 1 
2 2 6 6 25 7 2 34 0 10 42 25 27 7 4 1 2 3 
1 1 8 3 1 20 8 24 4 31 18 40 25 9 4 2 2 3 
1 2 6 6 25 1 6 63 3 15 99 59 78 9 4 1 2 3 
2 1 5 6 25 7 2 48 0 2 25 27 3 2 3 2 2 1 
2 2 6 6 25 7 4 44 1 8 56 28 25 6 1 1 1 1 
1 2 2 6 25 1 2 23 0 5 68 68 25 4 4 1 2 3 
1 2 1 6 25 7 2 11 0 11 49 25 71 5 4 1 2 1 
1 1 9 1 1 7 4 50 0 8 42 42 45 8 1 1 1 3 
1 2 6 1 2 7 3 63 1 18 41 59 40 6 4 1 2 2 
1 1 6 2 1 2 5 64 2 33 55 49 42 9 4 1 2 1 
1 2 8 6 25 7 2 42 0 13 56 27 40 5 1 1 1 3 
1 2 6 6 25 1 5 12 1 13 99 78 0 9 1 1 1 2 
3 2 7 6 25 1 4 25 1 16 22 40 25 3 3 2 2 2 
2 2 5 1 1 7 1 37 0 10 59 29 43 9 4 1 2 1 
2 2 7 6 25 1 3 54 2 20 71 40 25 3 1 2 2 1 
2 1 6 6 25 7 3 39 0 8 78 40 25 7 1 1 1 3 
1 1 6 6 25 1 5 56 0 14 57 25 73 7 3 2 2 1 
1 1 9 6 25 1 7 49 1 14 15 19 50 8 1 1 1 3 
1 1 6 6 25 7 6 56 1 15 56 53 71 4 1 1 1 1 
1 2 8 6 10 7 9 72 0 14 43 42 25 5 4 1 2 3 
1 1 8 6 25 1 3 32 2 21 68 70 25 9 4 2 2 3 
2 1 6 6 25 1 4 70 6 13 41 25 27 5 4 1 2 1 
1 2 9 6 1 1 8 1 2 11 0 25 48 5 3 2 2 3 
1 2 4 6 25 1 3 33 0 1 64 25 40 6 4 1 2 3 
2 2 5 3 1 2 2 37 1 20 72 25 3 2 2 2 2 1 
2 2 3 6 25 1 3 49 0 1 64 25 52 3 4 1 2 1 
1 2 4 6 25 1 4 46 3 16 64 64 25 9 2 2 2 1 
2 2 7 6 25 1 10 51 2 14 59 40 99 9 1 1 1 3 
2 2 8 6 25 7 3 36 0 9 43 42 43 8 1 1 2 3 
1 1 6 6 25 1 3 53 1 20 25 42 40 9 1 1 2 3 
2 2 2 6 25 7 2 52 0 5 25 53 3 2 4 1 2 3 
2 2 7 2 6 4 7 49 6 21 41 39 39 9 3 2 2 1 
1 2 7 6 25 7 10 54 3 16 57 57 57 9 1 1 2 1 
2 2 7 1 6 7 10 59 1 12 33 27 42 9 1 1 1 1 
1 1 9 6 25 7 9 34 3 11 44 44 80 7 1 1 2 1 
1 2 6 6 25 1 5 50 1 18 71 49 40 9 1 2 2 1 
1 1 7 6 25 7 7 57 1 15 59 27 25 9 4 1 2 1 
1 1 5 6 25 4 3 44 6 12 41 41 25 9 4 2 2 3 
1 2 9 6 6 1 13 37 0 3 27 25 43 5 1 1 1 1 
2 2 6 2 5 4 1 35 1 13 41 41 25 4 4 1 2 2 
1 1 6 6 25 1 2 38 5 8 41 27 30 4 1 1 1 1 
1 1 6 6 25 4 1 17 5 9 41 41 27 5 4 1 2 1 
2 1 6 6 25 7 5 41 0 5 29 31 40 6 1 1 2 1 
1 1 8 1 1 4 7 78 3 36 41 41 40 6 4 2 2 1 
1 1 7 2 1 2 6 75 5 20 20 20 45 9 4 2 2 2 
0 1 1 6 25 7 3 50 0 5 25 27 3 2 4 1 2 1 
2 1 9 6 25 7 6 41 0 5 43 34 78 6 1 1 2 1 
1 1 9 6 25 7 1 44 0 4 25 40 24 6 4 1 2 3 
1 2 8 6 25 7 14 71 1 32 48 42 27 9 3 2 2 3 
1 1 7 1 3 7 12 69 0 19 34 25 33 6 3 2 2 1 
1 1 7 6 25 1 4 48 1 13 3 78 99 4 1 1 1 1 
1 2 8 6 25 1 3 52 1 17 71 27 73 6 1 1 2 1 
1 1 7 6 25 1 4 59 5 17 41 25 42 8 4 1 2 3 
1 1 7 6 25 7 9 56 5 24 55 70 49 9 4 1 2 1 
3 1 7 6 25 1 1 46 5 14 41 41 40 7 1 1 2 1 
0 2 9 6 3 1 9 47 3 31 99 71 40 6 1 1 1 3 
1 1 9 6 25 7 1 35 0 4 96 30 25 4 1 1 1 1 
2 1 6 6 25 1 1 27 2 5 99 0 25 3 1 1 1 2 
2 2 8 6 25 1 1 30 4 11 59 25 59 6 1 1 1 3 
1 2 7 1 2 7 4 60 1 13 41 44 41 5 1 1 1 3 
2 2 8 6 25 7 5 44 2 15 70 41 40 9 4 1 2 1 
0 2 8 6 1 7 6 75 2 19 50 25 40 6 1 1 1 1 
1 2 8 6 25 1 3 62 5 14 59 28 53 7 1 1 1 1 
2 1 8 6 25 7 1 52 0 19 25 40 42 9 1 1 1 3 
1 1 8 6 25 1 2 61 5 10 41 42 42 7 1 1 1 1 
1 1 8 1 1 7 3 38 0 6 38 42 42 6 1 1 1 3 
1 1 7 6 25 7 3 73 5 14 57 42 57 9 4 1 2 3 
2 1 6 6 25 7 10 32 0 6 27 0 25 4 4 1 2 3 
1 2 7 6 25 1 4 37 1 5 68 24 71 7 1 1 1 3 
1 1 8 6 25 7 5 60 0 17 68 38 25 5 1 1 2 3 
1 1 6 2 1 4 5 39 4 20 41 42 41 9 4 1 2 3 
1 1 2 6 25 7 1 43 0 9 25 27 46 3 4 1 2 1 
1 2 7 3 1 2 6 43 3 21 15 19 53 8 4 1 2 1 
1 1 5 6 25 7 4 47 0 24 42 68 58 9 3 2 2 2 
1 2 6 6 25 7 2 60 0 14 25 40 3 2 4 2 2 3 
1 1 5 2 1 4 10 37 3 28 20 78 40 7 4 2 2 1 
1 2 6 6 25 7 4 50 6 20 41 41 70 7 4 2 2 3 
1 1 6 6 25 7 4 53 0 4 72 25 78 8 1 1 1 1 
3 2 7 2 1 4 2 52 0 12 34 41 40 7 1 1 1 1 
2 2 8 6 25 7 2 57 1 12 59 25 41 4 4 2 2 1 
2 1 5 2 1 6 2 61 4 13 42 42 41 6 4 2 2 1 
1 1 6 6 25 7 3 42 2 17 41 41 40 4 1 1 2 3 
1 1 5 6 25 7 4 66 3 13 78 40 25 5 4 1 2 3 
1 2 8 6 25 7 5 42 1 10 43 42 40 5 1 1 1 3 
1 2 4 6 25 7 2 30 1 12 55 25 34 3 4 1 2 2 
1 2 8 6 25 7 4 36 0 5 42 42 40 5 4 1 2 3 
2 1 5 6 25 7 3 54 0 17 58 27 40 9 4 1 2 3 
1 1 10 6 25 7 4 45 0 7 45 25 3 2 1 1 1 1 
1 2 2 6 25 1 3 21 0 9 25 0 31 3 4 1 2 1 
2 2 2 6 25 1 2 22 1 14 64 25 65 4 1 1 1 1 
1 1 8 6 25 7 8 79 1 11 42 42 25 7 1 1 2 2 
1 1 7 6 25 1 1 48 4 15 41 41 0 9 4 2 2 3 
1 1 6 6 25 1 2 34 5 16 41 42 41 8 1 2 2 1 
1 2 6 6 25 7 3 32 0 13 72 40 25 3 1 1 2 3 
2 1 2 6 25 7 2 65 0 5 25 27 3 2 4 1 2 2 
1 2 8 6 25 1 4 49 5 16 61 99 25 8 4 2 2 1 
1 1 6 2 1 20 6 26 6 24 41 40 42 9 4 2 2 1 
1 2 8 6 25 7 2 37 2 13 43 41 33 9 1 2 2 1 
1 1 9 6 25 1 3 22 0 13 25 42 42 9 3 2 2 1 
1 1 7 2 1 2 4 25 2 24 18 99 25 3 4 2 2 1 
2 1 8 3 1 2 8 37 1 9 99 40 60 8 3 2 2 1 
2 2 8 2 6 4 2 60 4 15 42 25 28 7 3 2 2 1 
1 2 9 1 1 7 7 37 1 29 42 25 59 8 3 2 2 3 
2 2 7 6 25 7 7 36 2 23 42 41 25 5 3 2 2 1 
2 2 8 6 25 7 9 70 3 24 99 38 40 9 4 1 2 3 
1 2 8 6 25 7 9 66 4 22 56 40 59 9 4 1 2 1 
2 2 5 6 25 7 4 47 0 20 38 68 42 7 3 2 2 1 
1 2 7 6 25 7 10 77 6 32 42 42 41 9 4 2 2 3 
1 2 8 6 25 7 2 69 0 12 43 42 40 9 3 2 2 1 
2 2 5 6 25 7 3 77 2 17 25 27 57 7 3 2 2 3 
1 2 8 6 25 1 6 49 3 20 41 49 27 7 1 1 1 1 
1 2 7 6 25 1 2 44 4 15 41 42 41 7 4 2 2 1 
3 2 7 6 25 1 4 5 0 4 38 78 25 4 1 1 1 1 
1 1 9 1 1 7 8 46 3 20 41 42 28 8 1 1 1 1 
2 1 4 6 25 1 3 34 2 9 57 57 25 3 1 1 1 1 
1 2 9 6 25 7 8 54 0 16 48 49 71 6 1 1 1 3 
2 2 4 1 1 7 6 73 0 17 25 27 59 4 2 2 2 3 
2 2 8 1 6 7 4 87 0 12 58 40 42 9 1 1 1 3 
2 2 8 6 25 7 1 43 0 5 57 25 78 5 3 2 2 1 
1 1 5 6 25 1 4 59 0 5 29 30 27 7 1 1 1 1 
2 1 8 6 25 1 12 36 4 16 59 40 28 6 4 1 2 1 
1 2 1 6 25 7 2 51 0 8 25 27 38 4 4 1 2 1 
1 2 4 6 25 1 4 56 2 10 78 78 25 7 1 1 1 3 
2 1 4 6 25 1 1 33 1 10 99 40 25 5 4 1 2 3 
1 1 8 2 1 20 3 55 1 16 42 25 30 9 4 1 2 2 
1 2 6 6 1 7 2 61 0 5 27 78 25 5 4 1 2 1 
1 2 6 6 25 7 2 12 0 5 38 49 25 4 1 1 2 3 
1 1 5 6 25 1 3 41 1 17 68 40 0 7 1 1 1 1 
1 1 8 2 1 20 3 11 1 18 68 42 49 8 1 1 1 3 
1 2 4 6 25 7 4 30 0 11 29 25 3 2 2 2 2 1 
1 2 10 1 6 5 7 34 0 17 50 49 42 8 1 1 1 1 
1 1 6 2 6 20 4 36 4 23 68 49 25 9 4 2 2 3 
1 1 8 2 1 2 1 36 1 25 60 0 27 5 4 2 2 3 
1 1 9 6 25 1 2 48 0 10 59 78 41 6 1 2 2 3 
2 2 7 6 25 7 4 38 1 14 78 56 28 6 1 1 1 3 
1 2 8 3 6 4 13 25 2 9 70 25 70 7 4 1 2 3 
1 2 7 6 25 1 4 43 5 10 99 40 27 5 1 1 1 3 
2 1 6 6 25 7 5 46 0 7 33 25 27 6 4 1 2 1 
1 2 7 6 25 7 5 42 0 11 48 58 49 9 1 1 1 1 
1 2 8 1 3 20 13 47 1 25 41 42 41 9 4 1 2 1 
1 1 6 6 25 1 5 38 0 20 99 42 49 9 4 2 2 2 
1 2 8 1 1 7 7 50 0 9 43 16 19 9 4 1 2 1 
1 1 8 6 25 7 4 42 0 6 46 70 27 9 1 1 1 1 
2 2 8 6 25 7 2 33 0 8 78 40 43 4 1 1 2 1 
1 1 9 1 1 7 6 42 1 10 99 59 59 8 1 1 1 3 
1 1 6 6 25 7 3 95 1 10 82 28 25 3 1 1 2 1 
2 1 8 6 25 7 3 81 2 17 53 28 40 9 2 2 2 3 
2 2 7 6 25 7 4 36 0 9 42 42 25 4 1 1 2 2 
2 2 7 6 25 7 2 35 0 12 78 25 40 7 4 2 2 1 
1 1 8 6 25 1 2 12 2 8 41 41 25 3 1 1 1 1 
1 2 9 6 25 7 4 60 0 4 59 58 42 9 1 1 1 1 
1 2 6 6 25 1 3 49 3 11 53 28 57 9 1 1 1 3 
1 2 7 6 25 7 1 44 0 9 78 49 25 6 1 1 1 3 
1 1 6 6 25 7 2 43 5 16 41 41 42 9 1 2 2 3 
2 1 6 6 25 1 8 34 3 19 44 44 41 8 4 2 2 2 
2 2 7 6 25 7 8 97 1 23 25 78 57 9 4 1 2 1 
2 2 6 6 25 1 13 45 2 21 70 68 25 9 4 2 2 1 
2 1 4 6 25 7 3 65 0 11 25 27 42 6 4 1 2 3 
1 2 6 3 1 2 8 52 5 16 57 78 51 9 2 2 2 1 
1 2 5 6 25 1 10 61 1 27 25 79 53 9 4 1 2 1 
1 1 7 1 1 1 8 46 3 10 58 27 27 8 4 1 2 2 
2 2 6 6 25 7 2 37 3 9 41 41 40 6 1 1 1 3 
1 2 7 6 25 7 11 67 3 26 81 28 42 9 2 2 2 3 
2 2 6 6 25 1 3 57 1 17 22 40 25 3 2 2 2 1 
2 1 8 6 25 1 3 48 2 11 44 25 40 3 4 1 2 3 
1 2 7 1 6 7 4 84 1 15 42 70 25 9 2 2 2 3 
1 1 7 6 25 7 3 14 5 10 41 41 25 4 1 1 2 1 
1 2 5 1 1 7 1 49 3 5 41 25 27 3 4 1 2 1 
1 2 8 6 25 1 14 61 6 34 41 99 42 6 4 2 2 2 
2 1 8 2 1 4 11 70 6 29 42 42 49 9 4 2 2 3 
1 1 4 6 25 1 4 75 2 7 59 59 58 8 1 1 1 1 
1 1 6 6 25 4 2 10 2 12 41 25 40 4 1 1 2 3 
1 2 6 6 25 1 4 49 0 22 99 56 59 4 1 2 2 3 
1 2 9 6 25 7 6 39 2 17 99 25 27 9 1 1 2 1 
1 1 8 1 1 7 2 50 1 6 78 57 28 9 4 1 2 3 
3 1 6 6 25 7 1 42 1 5 78 41 25 8 2 2 2 3 
2 2 8 1 1 7 2 52 0 10 28 20 27 9 4 1 2 1 
3 1 6 1 1 20 2 33 3 12 41 41 42 9 4 1 2 1 
1 2 7 1 1 7 3 41 3 11 78 42 99 8 1 1 1 3 
1 1 7 2 1 2 2 19 0 10 99 99 42 9 4 1 2 1 
1 2 7 6 25 1 3 31 2 12 82 25 40 4 1 2 2 1 
0 1 6 6 25 1 2 45 1 15 0 15 19 4 1 1 2 3 
2 2 6 6 25 7 3 54 0 7 42 40 78 5 4 1 2 3 
1 1 7 6 25 1 5 50 3 25 41 25 40 8 4 2 2 3 
3 1 6 6 25 1 4 60 4 25 41 25 27 5 4 1 2 3 
1 2 10 2 11 20 1 68 1 2 58 40 25 9 4 1 2 1 
1 1 5 6 25 7 4 67 0 22 42 70 40 9 4 2 2 3 
1 2 6 6 25 7 7 81 1 11 46 27 59 9 1 1 1 1 
2 2 5 6 25 7 1 37 3 5 78 41 40 5 4 1 2 3 
1 2 8 2 6 2 6 74 5 41 41 41 99 9 2 2 2 2 
1 1 7 2 6 2 3 49 1 27 99 25 59 9 3 2 2 1 
1 1 7 6 25 7 8 64 2 21 59 27 25 9 1 1 2 3 
1 2 7 3 1 2 4 27 1 12 19 16 19 5 3 2 2 2 
2 2 7 6 25 1 8 48 6 16 73 78 25 9 1 1 2 1 
1 1 5 6 25 1 1 44 1 10 72 40 25 3 1 1 1 1 
1 2 4 6 25 1 3 41 2 15 65 64 64 6 3 2 2 1 
3 1 7 1 5 7 1 43 2 8 43 44 25 7 4 2 2 3 
3 2 3 6 25 1 1 56 0 1 64 25 3 2 1 1 1 3 
1 1 6 6 25 1 4 79 1 21 25 27 57 9 3 2 2 1 
1 2 7 6 25 1 4 34 0 13 53 42 42 5 3 2 2 3 
1 1 8 6 25 1 5 62 3 13 53 25 42 9 1 1 2 2 
1 2 8 6 25 7 8 74 6 35 41 28 27 8 4 2 2 3 
1 1 8 1 1 7 5 60 0 10 43 78 42 7 4 1 2 3 
1 2 7 2 1 20 7 54 5 13 78 19 25 9 4 1 2 2 
1 2 6 1 1 7 3 64 0 9 25 49 59 6 2 2 2 1 
2 2 5 1 1 7 6 48 4 16 99 38 58 9 1 1 2 3 
2 2 6 1 6 7 5 45 2 16 68 0 25 6 2 2 2 3 
1 2 6 1 1 7 5 43 3 26 53 40 42 8 3 2 2 3 
1 1 7 6 25 7 4 47 0 11 49 42 27 7 1 1 1 1 
1 1 7 6 25 7 4 46 0 5 43 29 78 9 1 1 1 1 
1 2 7 3 1 4 11 23 2 8 42 49 41 8 1 1 2 1 
1 1 5 6 25 1 2 47 3 12 78 25 27 3 4 1 2 1 
1 2 6 6 25 7 6 79 1 18 25 27 49 9 4 1 2 3 
1 1 7 6 25 7 4 43 0 14 49 51 40 4 4 2 2 3 
1 2 10 6 25 7 5 61 3 12 57 25 40 9 1 1 1 3 
1 2 6 6 25 7 2 39 0 16 78 25 25 9 1 1 1 2 
1 2 6 6 25 7 2 36 0 12 78 99 68 6 1 1 2 2 
2 1 6 6 25 1 2 41 0 10 29 25 40 4 1 1 2 1 
2 2 6 6 25 7 4 76 0 17 25 27 0 7 2 2 2 1 
1 1 8 2 1 7 1 58 0 8 27 78 41 7 4 2 2 1 
1 2 8 6 25 7 2 56 0 11 27 25 55 8 4 2 2 3 
1 2 9 6 25 7 3 52 0 12 46 42 41 6 4 2 2 3 
1 1 8 1 1 7 2 53 0 14 48 41 0 8 4 2 2 3 
2 2 4 6 25 7 5 79 1 17 25 13 40 5 2 2 2 3 
1 2 8 6 25 7 2 84 0 7 57 57 0 8 1 1 1 3 
1 2 7 6 1 7 2 50 0 7 57 57 25 3 1 1 1 3 
1 1 7 6 25 1 1 51 1 10 72 40 25 6 1 2 2 1 
2 1 5 6 25 7 1 46 0 6 78 78 25 5 1 1 2 3 
0 1 8 6 6 7 11 71 1 20 82 25 0 5 1 1 2 1 
1 1 8 2 1 20 4 44 0 14 42 42 25 9 4 2 2 3 
1 1 9 2 1 20 4 63 2 19 42 42 49 9 1 1 2 1 
2 2 6 2 1 2 2 44 4 14 41 42 59 9 3 2 2 2 
1 1 8 6 25 1 4 65 0 10 41 58 25 5 1 1 2 1 
1 1 7 2 1 1 2 10 2 13 41 40 25 5 1 1 2 1 
1 1 8 6 25 7 2 49 4 8 41 41 41 7 4 1 2 1 
1 2 5 1 1 7 2 62 0 14 57 30 57 9 4 2 2 3 
2 2 8 6 25 1 4 31 0 12 25 44 40 5 1 2 2 3 
1 1 7 2 2 4 11 75 2 33 19 48 16 9 2 2 2 1 
1 2 8 6 25 1 1 48 2 13 41 42 25 5 4 2 2 1 
2 2 8 2 1 2 1 28 2 17 99 25 40 4 1 1 1 3 
2 2 5 6 25 1 2 50 0 6 25 27 59 4 4 1 2 1 
1 1 7 2 1 20 2 62 3 11 49 16 19 9 4 2 2 1 
1 2 3 2 6 2 10 74 3 21 57 42 58 9 3 2 2 2 
1 2 6 6 25 1 4 53 2 22 78 30 25 9 4 1 2 1 
1 1 8 6 25 1 1 34 0 3 42 27 25 4 1 1 2 1 
1 1 7 6 25 7 2 13 0 7 49 44 27 9 1 1 2 1 
1 2 6 6 25 1 6 68 5 32 41 41 25 6 3 2 2 3 
2 2 5 6 25 7 2 50 0 8 29 25 40 5 4 2 2 1 
1 2 7 3 1 2 3 51 4 23 19 11 19 8 4 2 2 1 
1 2 8 1 2 7 6 54 0 17 42 41 59 8 1 1 2 3 
2 2 7 3 1 2 3 19 4 19 22 15 21 6 4 2 2 3 
1 1 7 6 25 1 3 54 0 8 43 40 25 9 3 2 2 1 
1 1 6 2 1 20 2 55 4 8 43 40 25 6 1 1 1 1 
3 1 6 2 1 4 5 66 0 18 41 41 48 8 4 1 2 2 
2 2 6 2 1 4 2 53 6 16 41 25 30 7 4 1 2 1 
1 1 8 6 25 1 3 34 5 17 41 41 42 8 4 2 2 1 
1 1 6 3 1 20 6 19 4 22 51 49 30 5 4 2 2 1 
1 1 8 6 25 1 1 34 2 5 41 78 25 3 1 1 2 1 
1 1 5 6 25 7 1 31 1 5 56 42 41 6 1 1 1 1 
2 1 6 6 1 1 1 39 1 5 21 25 40 3 1 1 2 1 
1 1 7 3 1 20 5 39 6 50 41 41 41 8 4 2 2 1 
1 2 8 6 25 7 3 52 1 9 59 70 25 9 1 1 2 3 
0 1 7 2 1 4 7 57 1 20 41 51 51 9 1 1 1 1 
1 1 6 6 25 1 2 51 0 8 56 25 40 4 1 1 1 3 
3 2 6 2 1 4 1 29 3 13 41 41 25 7 4 2 2 1 
2 1 3 1 1 7 6 81 2 27 48 42 25 9 3 2 2 2 
1 1 4 2 1 2 3 51 0 11 25 27 57 9 4 1 2 3 
1 1 8 6 6 1 6 28 2 16 0 25 27 5 2 2 2 1 
1 2 7 2 1 4 4 46 2 24 41 25 59 7 4 2 2 1 
1 2 8 6 25 7 3 63 0 5 25 27 59 4 3 2 2 3 
1 2 8 6 25 1 3 59 0 15 42 42 42 9 3 2 2 3 
1 1 7 2 1 4 4 37 4 16 41 42 41 9 4 2 2 3 
1 2 5 2 1 20 1 57 3 12 92 84 25 9 1 1 2 3 
2 1 7 6 25 7 3 34 0 8 80 85 27 9 4 2 2 1 
3 1 7 1 6 7 12 50 2 31 99 59 0 6 4 1 2 1 
1 2 9 2 1 20 2 29 2 11 41 99 41 9 1 1 1 1 
2 2 9 1 6 7 5 77 5 15 41 39 40 6 4 2 2 1 
1 2 9 1 1 7 3 53 1 12 41 39 39 9 4 1 2 1 
2 2 7 1 1 7 3 46 0 7 56 56 25 3 4 1 2 3 
1 2 9 1 3 20 4 37 2 22 99 99 0 9 1 1 2 2 
1 1 6 6 25 7 7 40 4 23 78 42 27 5 1 2 2 1 
1 2 6 6 25 7 10 57 0 20 42 25 45 6 4 1 2 3 
1 1 8 6 25 1 10 53 0 15 25 49 28 8 3 2 2 1 
1 1 6 6 25 7 1 36 3 9 41 40 25 6 4 1 2 3 
1 1 8 6 11 7 2 50 2 11 43 51 42 5 1 1 1 1 
1 1 8 1 3 7 8 65 3 23 43 73 78 8 4 2 2 2 
1 1 5 6 25 1 2 48 1 12 68 49 30 7 1 2 2 3 
2 1 5 1 2 7 1 47 0 10 57 28 57 7 3 2 2 2 
2 2 8 2 1 2 1 19 2 18 99 40 25 4 4 2 2 3 
1 2 7 2 1 4 14 78 6 43 41 40 42 9 4 2 2 1 
1 2 4 6 25 1 3 22 2 19 64 25 65 6 2 2 2 1 
1 1 7 3 1 2 6 39 3 27 19 19 49 9 4 1 2 1 
1 1 8 2 6 20 8 61 1 20 44 40 25 7 1 1 2 3 
2 1 8 2 5 4 7 38 1 10 43 72 43 9 4 2 2 1 
2 2 6 6 25 7 7 53 3 21 42 25 78 9 3 2 2 3 
1 2 8 6 1 7 3 40 1 8 28 42 0 5 1 1 1 1 
1 2 5 2 1 2 9 31 4 20 99 57 25 9 4 1 2 3 
1 2 2 1 1 20 4 52 2 9 51 25 24 4 4 1 2 1 
0 1 7 1 1 7 2 23 6 23 88 81 88 8 2 2 2 1 
1 2 8 2 1 20 2 42 3 12 78 41 25 7 4 2 2 1 
1 2 8 2 1 4 1 29 3 14 41 41 27 5 4 2 2 1 
1 2 6 6 25 1 6 46 1 20 95 25 41 9 4 1 2 1 
1 1 7 6 25 1 4 33 0 14 68 70 45 9 1 1 2 3 
1 2 4 6 1 2 14 43 0 11 29 25 56 3 1 1 1 3 
1 2 7 6 25 1 5 70 0 9 42 16 49 5 4 1 2 1 
1 2 8 1 1 7 5 54 0 13 41 25 41 7 3 2 2 3 
2 2 3 1 1 7 3 11 1 13 66 64 0 4 2 2 2 1 
1 1 9 6 6 1 8 29 2 13 0 42 68 5 1 1 1 1 
2 2 4 1 1 7 3 67 0 10 64 64 64 8 4 1 2 1 
1 2 6 1 3 7 5 44 1 16 42 58 25 8 3 2 2 3 
1 1 8 2 1 20 6 74 1 12 27 42 42 9 4 1 2 3 
1 2 8 6 25 7 4 52 0 11 42 42 25 6 4 1 2 3 
1 1 8 1 3 7 3 57 1 11 96 42 45 8 4 2 2 3 
1 1 8 6 25 1 9 73 3 18 38 57 38 8 4 1 2 1 
2 1 6 2 1 4 5 55 6 23 41 41 39 9 3 2 2 3 
2 2 5 1 3 7 12 59 1 46 82 0 25 9 2 2 2 2 
1 1 7 6 25 1 1 51 1 9 43 25 40 4 4 1 2 1 
1 2 7 6 25 1 9 69 2 26 19 42 42 7 4 1 2 1 
1 1 8 6 25 1 8 49 3 20 43 48 99 9 4 1 2 3 
2 1 7 6 25 7 3 43 1 18 48 25 78 9 4 1 2 1 
2 2 7 1 1 7 4 57 6 15 41 41 99 9 4 2 2 3 
2 2 7 1 1 7 4 67 3 16 51 49 30 6 4 2 2 1 
1 1 7 6 25 1 8 61 4 29 41 28 59 6 4 2 2 1 
2 2 9 1 11 7 1 74 0 8 41 42 27 9 3 2 2 1 
1 1 7 1 1 7 3 45 1 12 99 56 25 4 4 1 2 3 
2 2 2 6 25 7 2 78 0 13 25 27 28 4 4 1 2 1 
1 2 5 6 25 7 6 46 2 24 53 78 49 9 4 2 2 3 
1 2 7 3 5 2 7 43 3 14 20 40 25 3 1 1 2 2 
1 2 7 6 1 7 1 34 1 5 43 25 40 3 1 1 1 3 
2 2 2 6 25 1 2 10 0 3 25 0 3 2 4 1 2 1 
1 2 5 6 1 7 7 45 0 19 56 25 35 6 1 1 1 3 
1 2 6 6 25 7 8 63 0 19 99 42 25 9 3 2 2 3 
1 2 5 6 1 1 3 41 1 2 22 25 49 3 1 1 2 1 
1 1 8 1 1 7 4 54 3 15 41 41 45 6 4 2 2 1 
1 2 4 2 1 2 2 62 2 20 99 25 40 9 4 1 2 2 
1 1 5 6 25 7 5 48 4 17 11 40 27 9 1 1 1 2 
0 2 7 6 1 7 8 59 3 27 40 58 49 6 1 1 1 1 
1 1 5 6 25 7 7 51 3 16 43 42 56 9 1 1 2 3 
1 1 1 6 25 7 4 61 1 9 25 27 78 3 4 1 2 1 
1 2 9 6 25 7 14 76 4 28 42 42 71 9 4 1 2 1 
1 1 5 6 25 1 5 37 3 9 78 42 25 9 1 1 2 3 
1 2 8 6 25 7 6 44 4 20 41 41 42 9 1 1 2 3 
1 2 6 2 1 20 5 40 1 8 57 49 57 5 4 1 2 1 
1 2 8 6 25 7 3 59 5 16 41 41 42 7 4 2 2 3 
1 1 8 6 25 1 12 75 6 33 41 42 49 9 4 2 2 1 
3 1 5 2 6 2 11 27 6 23 25 78 58 9 4 2 2 2 
2 2 9 1 1 7 1 52 1 8 78 44 25 7 4 1 2 3 
1 1 8 6 1 1 3 38 2 24 99 25 44 4 1 1 1 3 
1 1 6 2 1 4 8 74 5 42 41 41 25 7 2 2 2 1 
1 2 7 1 2 7 6 53 0 26 41 42 25 8 2 2 2 2 
2 1 5 6 1 7 9 56 1 7 57 25 40 4 2 2 2 3 
1 2 5 3 1 1 2 34 2 18 99 25 40 3 2 2 2 3 
1 1 8 6 25 7 14 77 6 37 41 42 49 9 3 2 2 1 
1 2 10 6 25 1 8 36 6 18 25 44 40 9 1 1 1 3 
1 1 8 6 25 7 6 50 2 22 42 42 27 9 4 1 2 3 
1 1 9 6 1 7 7 10 3 16 42 25 27 5 1 1 2 3 
1 1 6 1 7 7 1 33 0 6 42 25 49 6 2 2 2 3 
1 1 8 6 25 7 4 46 4 11 42 41 42 8 1 1 1 3 
1 1 6 6 25 7 7 33 2 16 72 70 72 4 3 2 2 1 
1 1 6 6 25 1 5 44 3 13 82 99 83 8 1 1 1 1 
1 1 4 6 25 7 4 63 0 7 43 25 27 7 4 1 2 1 
1 2 6 6 25 7 3 40 4 14 78 41 40 7 1 1 2 2 
2 1 6 6 1 7 9 10 1 18 42 58 25 5 4 1 2 3 
1 2 10 6 1 7 9 86 0 9 46 51 51 5 1 1 1 3 
2 1 6 6 25 7 11 36 4 22 99 30 0 9 1 1 2 3 
1 2 8 6 1 7 6 44 0 11 49 42 25 5 1 1 1 3 
1 2 1 6 25 7 3 47 0 8 25 37 3 2 4 1 2 1 
1 1 8 3 1 2 5 44 5 28 53 25 99 8 2 2 2 3 
3 1 6 3 1 2 4 33 1 24 71 73 40 4 2 2 2 3 
1 2 8 6 25 1 6 47 3 18 73 70 40 9 4 2 2 1 
1 1 7 3 3 2 10 66 3 34 19 49 41 8 4 2 2 1 
2 1 5 6 25 7 3 45 3 10 99 38 99 9 4 1 2 1 
2 2 8 1 3 7 4 42 1 11 25 40 35 8 4 1 2 3 
1 1 7 6 25 1 4 71 3 25 41 51 25 5 4 2 2 1 
2 2 4 6 25 7 8 51 0 16 28 25 78 4 3 2 2 3 
2 2 7 1 1 7 1 56 1 15 42 49 25 6 3 2 2 3 
1 2 6 6 25 7 7 52 0 13 27 42 25 7 4 1 2 1 
1 2 8 2 1 4 2 46 4 21 41 41 25 6 1 1 1 1 
1 1 7 6 25 1 8 53 4 26 78 42 40 8 4 1 2 1 
2 2 6 2 1 7 1 37 0 9 78 41 25 5 4 2 2 1 
2 1 7 6 25 1 3 66 0 12 27 58 42 9 4 1 2 3 
1 1 8 6 1 7 4 61 3 19 48 58 25 5 1 1 1 3 
1 1 7 6 25 7 1 43 2 9 53 28 30 9 1 1 1 3 
1 2 8 6 25 1 3 51 2 12 42 42 40 8 1 1 2 1 
1 1 7 1 3 7 10 68 4 16 42 25 58 8 3 2 2 2 
1 1 7 6 25 1 5 42 5 17 42 49 79 9 1 1 1 1 
1 2 8 2 1 2 11 78 6 51 41 27 42 8 4 2 2 1 
1 2 6 6 25 1 2 54 1 10 34 59 25 5 4 2 2 3 
2 2 6 6 25 1 3 17 0 7 29 30 30 7 4 1 2 3 
1 2 9 6 25 7 9 70 0 12 42 42 70 9 4 2 2 1 
1 2 8 6 25 1 4 49 3 11 18 25 40 5 4 1 2 3 
1 2 6 6 25 1 7 49 1 23 16 51 49 7 1 1 1 1 
1 2 7 6 25 7 12 77 2 21 51 48 59 9 3 2 2 3 
1 1 7 6 25 1 1 46 5 11 41 41 25 6 1 1 2 3 
1 1 7 6 25 1 6 41 1 3 43 25 42 7 3 2 2 3 
1 2 8 1 6 1 11 58 1 13 29 30 0 7 1 2 2 1 
2 2 8 6 25 1 4 43 0 10 78 25 27 9 4 2 2 3 
1 2 6 6 25 1 4 63 1 11 42 27 29 7 1 2 2 3 
2 2 6 1 1 7 1 57 0 8 25 41 41 6 3 2 2 3 
1 2 9 1 3 7 1 59 0 10 53 27 42 7 4 1 2 1 
2 1 5 6 25 7 5 47 0 7 42 40 25 4 3 2 2 3 
2 1 5 1 6 7 8 61 4 28 25 40 25 5 4 1 2 3 
1 1 8 6 25 1 1 34 6 9 41 41 25 6 1 1 2 1 
1 1 6 6 25 1 2 11 3 8 41 41 40 6 4 1 2 1 
1 2 8 1 3 7 4 55 0 13 42 49 29 9 4 1 2 3 
1 2 7 6 25 1 8 65 6 30 41 28 25 9 1 1 1 1 
2 2 7 6 25 7 5 57 1 9 42 40 42 7 4 1 2 1 
1 2 8 6 25 7 3 36 0 8 45 41 44 9 4 1 2 3 
2 1 6 6 25 7 4 57 0 11 53 27 53 7 4 1 2 3 
2 1 3 6 25 7 3 61 1 20 25 58 78 4 4 1 2 3 
2 2 6 6 25 7 11 11 0 6 29 49 25 3 1 1 1 3 
2 1 8 6 25 1 5 70 0 9 78 11 42 9 4 1 2 1 
1 2 7 6 25 7 6 50 6 25 57 25 42 9 4 1 2 3 
1 1 5 1 1 7 2 47 0 4 43 25 40 6 3 2 2 3 
2 2 4 6 25 7 2 62 0 6 25 40 27 4 3 2 2 1 
2 2 3 1 1 7 3 59 0 6 64 25 3 2 4 1 2 2 
1 2 7 6 25 7 5 63 0 25 40 51 49 9 2 2 2 2 
1 2 9 6 25 7 3 44 0 6 43 42 25 7 1 1 2 3 
1 1 8 6 25 7 1 59 0 10 59 59 40 6 1 1 2 3 
1 1 2 6 25 7 2 61 0 4 29 38 25 3 1 1 1 3 
1 2 6 6 25 1 4 44 6 15 57 45 25 4 4 1 2 1 
1 1 8 6 25 7 3 40 0 11 25 27 42 8 1 1 1 3 
1 2 7 6 25 1 4 34 1 11 21 0 0 9 1 1 1 1 
2 2 7 1 6 7 3 58 3 23 41 39 39 9 4 2 2 1 
1 1 5 6 25 7 2 45 1 7 30 25 79 7 4 2 2 2 
1 2 8 2 3 20 5 51 2 26 82 28 42 9 4 2 2 1 
1 1 8 3 1 1 8 62 6 30 41 25 28 6 2 2 2 1 
1 1 9 6 1 7 2 61 0 4 25 27 19 5 1 1 1 1 
1 1 4 1 1 7 4 51 0 12 25 57 30 4 2 2 2 3 
2 1 5 1 1 7 11 65 3 29 57 78 25 9 1 1 1 3 
1 1 8 6 25 7 2 78 3 10 42 42 41 7 1 1 2 3 
1 1 5 6 25 7 9 77 1 23 57 57 30 9 1 2 2 3 
1 1 7 2 1 20 4 60 0 11 59 79 41 9 4 1 2 3 
2 2 7 6 25 1 7 49 0 20 42 42 40 9 1 1 2 3 
2 1 9 1 3 7 3 36 2 4 28 40 70 8 1 1 1 1 
1 1 7 1 1 7 2 48 4 19 99 40 15 8 2 2 2 3 
1 1 5 3 1 20 1 14 4 10 41 41 41 8 1 1 1 3 
1 2 4 6 25 1 3 41 3 17 64 25 65 8 4 1 2 1 
1 2 2 6 25 7 3 48 0 7 25 0 3 2 2 2 2 1 
1 2 8 6 25 7 3 51 1 13 53 56 25 7 1 1 1 1 
1 1 7 2 1 2 6 26 2 10 44 0 25 6 4 2 2 1 
2 2 4 6 25 7 4 45 1 15 25 27 27 8 4 1 2 1 
1 1 9 6 25 1 3 48 2 15 71 59 28 5 1 1 1 1 
2 1 7 6 25 7 1 76 1 6 53 25 40 5 4 1 2 3 
3 1 7 1 1 7 2 41 4 11 43 41 25 9 3 2 2 2 
1 1 9 1 1 7 10 77 1 25 85 42 27 7 3 2 2 3 
1 1 8 6 25 1 1 34 5 9 41 0 0 6 1 1 2 1 
1 2 7 6 25 1 4 45 0 15 42 25 42 9 3 2 2 3 
2 2 4 6 25 1 10 49 0 19 58 71 40 9 1 1 1 2 
2 1 7 1 1 7 13 93 1 24 42 42 27 9 4 2 2 2 
1 1 6 6 25 1 3 51 0 14 78 42 42 9 4 1 2 3 
1 2 5 6 2 7 1 59 0 4 57 25 78 3 1 1 1 3 
2 2 5 6 25 1 3 38 1 10 21 25 61 3 1 1 1 1 
2 2 8 6 25 7 7 69 1 23 41 42 79 9 4 2 2 1 
0 2 8 6 1 1 7 55 1 13 48 49 40 6 1 1 1 1 
1 1 6 1 1 7 9 71 0 21 48 49 42 9 4 1 2 3 
1 2 8 1 6 1 6 51 3 23 46 42 42 8 3 2 2 3 
1 2 7 2 1 1 12 95 3 19 42 42 49 9 4 2 2 3 
1 1 7 6 25 1 3 35 1 9 68 70 25 6 4 2 2 3 
3 1 4 6 25 1 2 41 0 5 78 25 35 5 1 2 2 3 
1 1 8 1 1 7 2 31 0 12 78 42 41 7 4 1 2 1 
1 2 6 6 25 1 3 53 1 8 54 25 40 3 4 1 2 3 
2 1 7 6 25 7 7 47 2 9 99 99 25 7 1 2 2 3 
1 2 6 3 1 1 6 77 2 19 57 57 78 9 1 1 1 3 
0 1 5 6 25 1 4 12 1 13 18 40 25 3 1 1 1 1 
1 1 2 2 1 1 2 40 0 7 25 3 3 1 3 2 2 1 
1 2 5 6 25 1 5 53 0 18 29 57 0 9 3 2 2 1 
0 1 7 2 1 4 1 33 3 17 41 42 40 8 3 2 2 3 
1 2 6 1 2 7 7 83 2 17 25 42 59 9 3 2 2 1 
1 1 1 6 25 7 2 47 0 5 25 27 3 2 2 2 2 1 
2 2 8 1 2 1 6 61 0 17 43 42 40 8 4 1 2 3 
0 1 6 3 1 1 8 49 1 23 41 42 42 9 3 2 2 1 
2 1 3 1 1 7 3 46 0 11 42 25 42 9 4 1 2 3 
1 2 8 6 25 7 6 49 0 6 43 42 72 9 1 1 2 3 
1 2 5 6 25 1 2 45 2 13 61 40 25 5 1 1 1 1 
2 1 5 6 25 7 2 59 1 15 25 58 40 8 4 1 2 2 
1 2 7 6 25 7 4 36 0 14 57 57 25 6 4 1 2 2 
1 2 6 1 1 7 2 35 4 27 78 71 41 9 4 1 2 1 
1 1 6 2 1 1 7 40 1 13 27 25 25 9 2 2 2 3 
2 1 7 6 25 7 4 35 0 11 42 40 25 5 1 1 2 1 
1 1 6 2 1 1 2 34 0 6 25 70 42 5 1 1 2 1 
1 1 8 2 2 1 4 48 3 11 56 28 51 9 4 1 2 1 
1 2 6 2 1 1 3 59 0 9 78 49 30 9 3 2 2 1 
1 2 7 2 6 4 5 24 0 12 72 42 25 6 4 2 2 1 
2 2 6 2 5 2 1 33 0 10 45 40 25 5 3 2 2 1 
1 2 6 1 1 7 3 60 0 10 78 41 25 7 1 1 2 2 
2 2 7 1 1 7 9 63 3 24 55 27 27 9 1 1 1 3 
1 2 5 6 25 1 1 44 0 17 27 25 25 9 1 1 1 1 
1 2 5 6 25 1 2 56 0 6 49 25 40 5 1 2 2 1 
1 1 6 6 25 1 2 34 1 8 78 0 41 9 4 1 2 1 
2 2 7 1 6 7 4 28 3 23 71 28 40 5 2 2 2 1 
1 2 8 6 25 7 4 45 3 18 28 40 57 9 4 1 2 2 
1 1 5 6 25 7 2 46 0 5 30 25 29 5 1 1 1 1 
0 2 6 6 1 7 2 66 0 3 25 40 27 3 1 1 2 2 
1 1 6 1 1 1 5 48 0 19 38 78 60 9 4 2 2 3 
2 2 5 1 1 7 1 33 0 2 78 25 3 2 1 1 1 1 
1 1 8 2 1 4 5 44 1 12 41 27 28 9 4 1 2 3 
2 2 7 1 1 7 8 30 4 26 99 28 25 9 4 1 2 2 
2 2 3 6 25 1 1 55 0 8 27 59 25 5 4 1 2 3 
2 1 6 6 25 7 3 64 0 11 78 30 29 9 4 1 2 1 
0 1 3 1 1 7 4 75 1 14 25 3 3 1 3 2 2 1 
1 2 2 6 25 7 4 62 0 8 25 78 75 4 4 1 2 3 
1 2 8 1 5 7 3 48 0 13 43 25 42 8 4 2 2 2 
1 2 8 6 25 1 1 54 1 8 51 40 51 8 1 1 2 1 
1 1 8 1 4 5 5 49 1 8 42 25 70 9 4 1 2 2 
1 1 7 6 25 1 2 45 2 8 43 40 41 6 4 1 2 1 
1 2 3 6 25 1 4 22 1 16 64 25 66 7 4 1 2 1 
1 2 7 6 25 7 4 71 0 8 48 59 57 7 1 1 2 3 
2 1 5 6 25 1 2 32 0 1 78 42 42 5 1 1 1 1 
1 2 8 6 25 7 3 49 1 11 57 57 42 9 1 1 1 3 
2 1 5 6 25 7 3 49 3 13 40 42 25 6 3 2 2 1 
1 2 4 1 1 7 11 46 0 11 29 25 25 8 3 2 2 1 
1 1 8 6 25 1 2 47 1 15 43 42 41 8 1 1 2 1 
1 1 7 6 25 1 1 46 1 7 25 44 25 6 1 1 1 1 
1 1 7 1 1 1 3 70 0 13 42 42 49 9 1 1 1 1 
1 1 8 6 25 1 3 46 0 13 42 27 27 9 1 1 2 2 
1 1 6 2 1 1 7 70 6 24 41 25 59 4 3 2 2 1 
1 1 4 2 1 20 3 34 2 7 25 53 33 7 4 1 2 3 
2 1 5 1 1 7 6 50 2 10 51 25 40 6 4 2 2 1 
2 2 6 2 1 1 7 59 2 18 59 59 25 7 4 2 2 3 
1 1 6 3 1 1 6 12 3 12 18 59 25 4 1 1 1 3 
1 1 7 3 1 1 1 10 1 15 72 25 40 4 1 1 1 1 
2 2 9 1 1 7 2 34 0 7 25 44 68 9 1 1 1 2 
2 2 7 1 1 7 1 57 1 17 42 42 39 9 4 1 2 3 
1 2 8 1 11 1 1 52 0 4 43 43 41 7 1 1 1 1 
2 2 4 1 1 1 5 56 1 12 34 24 72 7 3 2 2 3 
2 1 6 1 5 7 1 52 1 10 25 29 25 6 3 2 2 3 
1 1 8 1 3 7 13 48 1 19 38 78 25 8 4 1 2 2 
1 1 1 2 1 1 1 36 0 8 25 3 3 1 4 1 2 1 
1 1 7 1 6 7 11 63 0 16 41 41 42 8 4 2 2 3 
1 2 8 1 2 7 12 67 5 24 41 28 41 7 3 2 2 3 

